65
66
256
258
257
260
259
262
261
264
256
10
77
69
84
79
68
73
32
273
83
73
83
84
69
77
273
90
65
32
79
66
82
65
68
85
32
276
71
78
65
76
65
267
269
271
273
275
277
279
281
32
283
285
287
289
291
293
295
297
10
114
101
99
110
105
107
32
317
319
321
323
318
320
322
107
111
109
112
317
115
105
106
97
32
331
333
335
337
339
336
103
110
97
108
32
346
348
350
352
349
10
76
90
55
56
32
358
87
362
359
361
363
365
360
365
87
299
270
272
274
292
304
280
282
284
286
288
290
377
294
296
298
268
374
302
377
278
379
307
381
310
384
313
387
373
301
376
276
393
306
308
382
311
385
314
298
324
329
327
325
322
413
326
341
334
101
336
338
340
332
421
423
345
105
347
349
351
430
353
433
431
108
316
328
326
418
417
440
330
426
343
424
420
447
429
437
436
435
355
438
263
457
265
459
263
10
458
463
460
459
357
366
371
369
367
90
364
358
370
363
467
475
472
470
469
474
471
372
